100807
101241
101689
102168
102536
102869
103305
103740
105213
105592
106048
106433
106917
107369
108042
108461
108865
109279
109757
110199
110599
111148
111565
112054
112464
112926
113770
114129
114525
114828
115172
115808
116273
116718
117113
117541
117948
118354
118770
119230
119622
120082
120543
120990
121518
121959
122530
123046
123543
124017
124469
125036
125516
125916
126518
127257
127667
128201
128658
129214
129683
130041
130560
131144
131678
132235
132714
133233
133762
134435
134976
135537
136056
136577
137091
137598
138221
138797
138963
140017
140507
141063
141574
142113
142674
143317
143855
144460
144956
145509
145995
146679
147174
147785
148410
148902
149458
150093
151252
151871
152396
152680
153722
154244
154849
155435
155954
156496
157051
157658
158361
158978
159714
160375
161051
161701
37117
37488
37866
38309
38767
39286
39584
39929
40335
40739
41140
41621
42110
42615
43120
43634
44054
44532
45082
45491
45982
46524
46996
47263
47736
48013
48490
48872
49321
49822
50193
50595
51117
51484
51878
52378
52725
53213
53588
54051
54460
54914
55367
55899
56288
56792
57359
57765
58154
59139
59573
60079
60806
61184
61633
62015
62582
62951
63384
63743
64252
64607
65137
65677
66112
66679
67158
67630
68122
68520
69088
69502
69999
70358
70771
70834
71097
71234
71549
71979
72395
72797
73246
73673
74103
74505
74888
75311
75805
76143
76589
77065
77544
78028
78450
78837
79308
79742
80124
80536
80876
81320
81589
82299
82690
83124
83611
84035
84352
84749
85167
85625
86050
86522
86944
87394
87810
88249
88798
89161
90130
90570
90985
91348
91703
92045
92835
93224
93677
94646
95085
95587
96044
96413
96862
97347
97696
98150
98671
99102
99506
99961
